[[cameras]]
width = 3840
height = 2160
focal_len = 1185.429921
yaw = 0
pitch = 0
roll = 90
distortion = [-0.09994, 0.30684, -0.33116, 1.12426]
x_offset = -33.8
y_offset = 14.5

[[cameras]]
width = 3840
height = 2160
focal_len = 1185.429921
yaw = 90.366
pitch = 1.211
roll = 90.398
distortion = [-0.09994, 0.30684, -0.33116, 1.12426]
x_offset = -33.8
y_offset = 14.5

[[cameras]]
width = 3840
height = 2160
focal_len = 1185.429921
yaw = 178.857
pitch = 0.675
roll = 89.969
distortion = [-0.09994, 0.30684, -0.33116, 1.12426]
x_offset = -33.8
y_offset = 14.5

[[cameras]]
width = 3840
height = 2160
focal_len = 1185.429921
yaw = -90.549
pitch = 0.811
roll = 89.742
distortion = [-0.09994, 0.30684, -0.33116, 1.12426]
x_offset = -33.8
y_offset = 14.5
